=== Run information ===

Evaluator:    weka.attributeSelection.PrincipalComponents -R 0.95 -A 5
Search:       weka.attributeSelection.Ranker -T -1.7976931348623157E308 -N -1
Relation:     fill
Instances:    400
Attributes:   26
              id
              age
              bp
              sg
              al
              su
              rbc
              pc
              pcc
              ba
              bgr
              bu
              sc
              sod
              pot
              hemo
              pcv
              wc
              rc
              htn
              dm
              cad
              appet
              pe
              ane
              classification
Evaluation mode:    evaluate on all training data



=== Attribute Selection on all input data ===

Search Method:
  Attribute ranking.

Attribute Evaluator (unsupervised):
  Principal Components Attribute Transformer

Correlation matrix
  1     -0.18  -0.24   0.61  -0.52  -0.25  -0.23  -0.34  -0.26  -0.12  -0.32  -0.3   -0.26   0.32  -0.08   0.61   0.58  -0.17   0.52   0.52   0.48  -0.21  -0.37  -0.31  -0.27 
 -0.18   1      0.15  -0.18   0.11   0.19   0.01   0.1    0.16   0.04   0.21   0.19   0.13  -0.09   0.05  -0.17  -0.21   0.1   -0.2   -0.39  -0.36   0.23   0.16   0.09   0.05 
 -0.24   0.15   1     -0.18   0.15   0.19   0.15   0.16   0.06   0.11   0.15   0.18   0.14  -0.1    0.07  -0.28  -0.29   0.03  -0.22  -0.27  -0.23   0.09   0.18   0.05   0.19 
  0.61  -0.18  -0.18   1     -0.47  -0.28  -0.24  -0.35  -0.29  -0.22  -0.33  -0.28  -0.21   0.24  -0.06   0.53   0.53  -0.2    0.47   0.37   0.39  -0.15  -0.25  -0.27  -0.21 
 -0.52   0.11   0.15  -0.47   1      0.26   0.37   0.54   0.4    0.37   0.33   0.41   0.23  -0.27   0.11  -0.55  -0.53   0.2   -0.45  -0.48  -0.38   0.24   0.33   0.44   0.28 
 -0.25   0.19   0.19  -0.28   0.26   1      0.09   0.19   0.17   0.12   0.63   0.13   0.09  -0.05   0.18  -0.16  -0.18   0.16  -0.16  -0.25  -0.43   0.23   0.07   0.12   0.04 
 -0.23   0.01   0.15  -0.24   0.37   0.09   1      0.38   0.1    0.18   0.15   0.24   0.14  -0.14  -0.02  -0.28  -0.28   0     -0.2   -0.14  -0.15   0.11   0.16   0.2    0.11 
 -0.34   0.1    0.16  -0.35   0.54   0.19   0.38   1      0.52   0.33   0.26   0.34   0.16  -0.17   0.16  -0.41  -0.42   0.11  -0.38  -0.29  -0.2    0.17   0.27   0.35   0.26 
 -0.26   0.16   0.06  -0.29   0.4    0.17   0.1    0.52   1      0.28   0.2    0.18   0.05  -0.14  -0.01  -0.28  -0.29   0.16  -0.27  -0.2   -0.17   0.19   0.19   0.1    0.18 
 -0.12   0.04   0.11  -0.22   0.37   0.12   0.18   0.33   0.28   1      0.09   0.16   0.05  -0.08  -0     -0.2   -0.19   0.1   -0.19  -0.09  -0.08   0.16   0.15   0.13   0.05 
 -0.32   0.21   0.15  -0.33   0.33   0.63   0.15   0.26   0.2    0.09   1      0.13   0.08  -0.15   0.06  -0.27  -0.27   0.12  -0.22  -0.37  -0.5    0.21   0.18   0.1    0.13 
 -0.3    0.19   0.18  -0.28   0.41   0.13   0.24   0.34   0.18   0.16   0.13   1      0.58  -0.31   0.34  -0.54  -0.53   0.04  -0.47  -0.39  -0.31   0.22   0.27   0.34   0.44 
 -0.26   0.13   0.14  -0.21   0.23   0.09   0.14   0.16   0.05   0.05   0.08   0.58   1     -0.62   0.21  -0.34  -0.34  -0.01  -0.32  -0.27  -0.21   0.19   0.16   0.18   0.24 
  0.32  -0.09  -0.1    0.24  -0.27  -0.05  -0.14  -0.17  -0.14  -0.08  -0.15  -0.31  -0.62   1      0.07   0.33   0.35   0.01   0.32   0.31   0.27  -0.22  -0.16  -0.15  -0.2  
 -0.08   0.05   0.07  -0.06   0.11   0.18  -0.02   0.16  -0.01  -0      0.06   0.34   0.21   0.07   1     -0.1   -0.12  -0.07  -0.12  -0.06  -0.06   0.01  -0.02   0.06   0.1  
  0.61  -0.17  -0.28   0.53  -0.55  -0.16  -0.28  -0.41  -0.28  -0.2   -0.27  -0.54  -0.34   0.33  -0.1    1      0.85  -0.15   0.68   0.58   0.47  -0.28  -0.39  -0.38  -0.56 
  0.58  -0.21  -0.29   0.53  -0.53  -0.18  -0.28  -0.42  -0.29  -0.19  -0.27  -0.53  -0.34   0.35  -0.12   0.85   1     -0.18   0.7    0.57   0.45  -0.29  -0.39  -0.39  -0.51 
 -0.17   0.1    0.03  -0.2    0.2    0.16   0      0.11   0.16   0.1    0.12   0.04  -0.01   0.01  -0.07  -0.15  -0.18   1     -0.15  -0.12  -0.15   0.01   0.15   0.14   0.04 
  0.52  -0.2   -0.22   0.47  -0.45  -0.16  -0.2   -0.38  -0.27  -0.19  -0.22  -0.47  -0.32   0.32  -0.12   0.68   0.7   -0.15   1      0.53   0.42  -0.3   -0.4   -0.34  -0.4  
  0.52  -0.39  -0.27   0.37  -0.48  -0.25  -0.14  -0.29  -0.2   -0.09  -0.37  -0.39  -0.27   0.31  -0.06   0.58   0.57  -0.12   0.53   1      0.61  -0.33  -0.35  -0.37  -0.35 
  0.48  -0.36  -0.23   0.39  -0.38  -0.43  -0.15  -0.2   -0.17  -0.08  -0.5   -0.31  -0.21   0.27  -0.06   0.47   0.45  -0.15   0.42   0.61   1     -0.27  -0.33  -0.31  -0.18 
 -0.21   0.23   0.09  -0.15   0.24   0.23   0.11   0.17   0.19   0.16   0.21   0.22   0.19  -0.22   0.01  -0.28  -0.29   0.01  -0.3   -0.33  -0.27   1      0.16   0.17   0.05 
 -0.37   0.16   0.18  -0.25   0.33   0.07   0.16   0.27   0.19   0.15   0.18   0.27   0.16  -0.16  -0.02  -0.39  -0.39   0.15  -0.4   -0.35  -0.33   0.16   1      0.42   0.25 
 -0.31   0.09   0.05  -0.27   0.44   0.12   0.2    0.35   0.1    0.13   0.1    0.34   0.18  -0.15   0.06  -0.38  -0.39   0.14  -0.34  -0.37  -0.31   0.17   0.42   1      0.21 
 -0.27   0.05   0.19  -0.21   0.28   0.04   0.11   0.26   0.18   0.05   0.13   0.44   0.24  -0.2    0.1   -0.56  -0.51   0.04  -0.4   -0.35  -0.18   0.05   0.25   0.21   1    


eigenvalue  proportion  cumulative
  7.58264   0.30331   0.30331 0.303hemo+0.303pcv+0.273rc-0.263al+0.263htn=no...
  1.87215   0.07489   0.37819 0.455su+0.433bgr-0.342sc-0.301bu-0.268ane=yes...
  1.66568   0.06663   0.44482 -0.383ba=present-0.378pc=abnormal-0.337pcc=present+0.279sc-0.268dm=no...
  1.34556   0.05382   0.49864 0.475pot+0.298su-0.292appet=poor+0.291sc-0.263wc...
  1.21593   0.04864   0.54728 0.535pot+0.534sod-0.35cad=yes+0.291ane=yes-0.263sc...
  1.07209   0.04288   0.59016 0.461age+0.347cad=yes-0.332rbc=abnormal+0.266sg-0.244bp...
  1.02108   0.04084   0.63101 -0.477rbc=abnormal-0.451pe=yes+0.418pcc=present+0.369wc-0.279appet=poor...
  1.01471   0.04059   0.67159 -0.585bp+0.382wc+0.36 pe=yes-0.244age+0.196sc...
  0.88976   0.03559   0.70718 -0.529wc-0.517bp-0.32ba=present-0.237sc+0.229ane=yes...
  0.81573   0.03263   0.73981 0.434sg+0.428ane=yes+0.312id+0.306appet=poor+0.296bgr...
  0.79502   0.0318    0.77161 0.492age-0.473cad=yes-0.395ba=present+0.277pcc=present+0.259pc=abnormal...
  0.74587   0.02983   0.80145 0.517rbc=abnormal+0.424wc-0.393appet=poor+0.23 id-0.214ba=present...
  0.6729    0.02692   0.82837 0.555ba=present-0.441cad=yes-0.296bp+0.249age-0.234pcc=present...
  0.59831   0.02393   0.8523  -0.596appet=poor+0.409pe=yes-0.33htn=no+0.295bp+0.266al...
  0.51534   0.02061   0.87291 0.489sg-0.428pe=yes-0.338htn=no-0.273dm=no+0.257pot...
  0.46287   0.01851   0.89143 0.579rc+0.366al-0.365id+0.35 ane=yes-0.254pc=abnormal...
  0.43738   0.0175    0.90892 -0.497bu+0.437dm=no-0.385pcc=present+0.324pc=abnormal-0.291sod...
  0.37057   0.01482   0.92374 0.502dm=no+0.364al-0.298pot+0.294sod+0.274bu...
  0.35728   0.01429   0.93803 -0.458pc=abnormal+0.452su-0.31bgr-0.291rc+0.265sg...
  0.32661   0.01306   0.9511  -0.383pcv+0.353bgr+0.318id-0.298hemo+0.296htn=no...

Eigenvectors
 V1  V2  V3  V4  V5  V6  V7  V8  V9  V10   V11   V12   V13   V14   V15   V16   V17   V18   V19   V20  
 0.262  -0.0523 -0.0168  0.1637 -0.0041  0.2383 -0.0651 -0.0912 -0.0502  0.3124 -0.1206  0.2303  0.1367  0.01   -0.0819 -0.3654 -0.0373  0.004  -0.0465  0.3183 id
-0.121   0.2037  0.2672 -0.0552 -0.0738  0.4607  0.0488 -0.2441 -0.175  -0.154   0.4918  0.1836  0.2485 -0.1262 -0.2285  0.0684  0.2484  0.0236  0.1491  0.1024 age
-0.1263  0.026   0.1168  0.003   0.1781 -0.2443 -0.076  -0.5853 -0.5169  0.1124 -0.0213 -0.1872 -0.2959  0.2953 -0.0693 -0.0094 -0.041   0.0339 -0.024   0.1024 bp
 0.2364 -0.1106  0.0808  0.0654 -0.0029  0.2665 -0.1726 -0.1181  0.0069  0.4336 -0.0832  0.1471 -0.048   0.1229  0.4886 -0.0525  0.0808  0.0237  0.2647  0.0026 sg
-0.2635  0.0513 -0.2546  0.0923 -0.0303 -0.0206 -0.0801  0.1393  0.0299 -0.0387  0.0086 -0.007   0.1198  0.2663  0.2492  0.3664 -0.0188  0.3639  0.2484  0.2685 al
-0.1392  0.4552  0.1743  0.2985  0.1173 -0.131  -0.0085  0.1239 -0.0146  0.1883 -0.2035  0.0023 -0.0376 -0.0314 -0.2543 -0.0591 -0.0224  0.0402  0.4523 -0.2739 su
-0.1355 -0.0369 -0.254   0.1749 -0.0992 -0.3319 -0.477  -0.0963 -0.0769 -0.0856  0.2505  0.5172 -0.0458 -0.2283  0.0923  0.0304 -0.0442 -0.1806  0.171  -0.0713 rbc=abnormal
-0.2136  0.0256 -0.3778  0.2452  0.038   0.0779 -0.0162 -0.0516  0.1002  0.1436  0.2593 -0.0097 -0.1611  0.1398 -0.005  -0.254   0.3238  0.0052 -0.4578 -0.2607 pc=abnormal
-0.1552  0.1404 -0.3372  0.1316 -0.1292  0.2056  0.4176 -0.145   0.2079  0.1812  0.2771 -0.1315 -0.2336  0.0516  0.0018 -0.0127 -0.3854 -0.123   0.2451  0.0907 pcc=present
-0.1118  0.0758 -0.3832  0.2162 -0.1751  0.1293  0.0276 -0.1906 -0.3204 -0.0932 -0.3954 -0.2142  0.5548 -0.1083  0.0584  0.0028  0.058  -0.1244 -0.0296 -0.0815 ba=present
-0.1706  0.433   0.1612  0.1639  0.0269 -0.2134 -0.0307  0.0735  0.1882  0.2959 -0.0392  0.0166  0.0947 -0.1718  0.0217 -0.037   0.1828  0.2281 -0.3096  0.3533 bgr
-0.2299 -0.3009  0.0993  0.247   0.1223  0.1772 -0.0024  0.0713 -0.1117  0.0794 -0.0006  0.1734  0.0871 -0.0886 -0.0939  0.0151 -0.497   0.2738 -0.2217 -0.0249 bu
-0.1681 -0.3423  0.2787  0.2906 -0.2626 -0.0451  0.0972  0.1959 -0.237   0.0982  0.0684 -0.0349 -0.032  -0.0608 -0.0926  0.0177 -0.0526  0.1723 -0.0208 -0.1305 sc
 0.1658  0.2286 -0.1969 -0.1062  0.5336  0.2024 -0.1329 -0.1236  0.0333 -0.1609 -0.0814  0.1527 -0.0092 -0.1052 -0.0905  0.0544 -0.2911  0.2939 -0.1083 -0.1598 sod
-0.0604 -0.1017  0.1314  0.4754  0.5349  0.1922  0.038   0.1768 -0.055  -0.2637  0.0257 -0.1425 -0.1383 -0.0541  0.2573  0.0853  0.216  -0.2978  0.0501  0.1345 pot
 0.3033  0.1487  0.0129  0.1525 -0.1037  0.0847 -0.0788  0.0902 -0.117   0.0899  0.1443 -0.1131 -0.0502  0.0235 -0.0085  0.0595  0.0244  0.0322  0.0169 -0.2977 hemo
 0.3029  0.1329  0.0051  0.1407 -0.0967  0.049  -0.0906  0.0866 -0.0791  0.1006  0.1245 -0.1331  0.0246  0.0265  0.0238  0.1885 -0.0537  0.0565 -0.0887 -0.3829 pcv
-0.0822  0.2032 -0.1433 -0.2628  0.0298  0.0733  0.3691  0.3818 -0.529   0.1104 -0.1149  0.4242 -0.1923  0.0321  0.1335  0.0458  0.087  -0.0859 -0.0981 -0.0258 wc
 0.2728  0.1152 -0.0091  0.1309 -0.0449 -0.0461 -0.0928  0.0545 -0.0797  0.1568  0.1514 -0.0057  0.0732  0.1736 -0.1298  0.5788 -0.1381 -0.2501 -0.2912  0.2518 rc
 0.2633 -0.0668 -0.2107  0.1751  0.0056 -0.1236  0.0838  0.085  -0.0903  0.0013 -0.0619 -0.024  -0.1579 -0.3298 -0.338  -0.0896 -0.0599 -0.2103  0.1094  0.2963 htn=no
 0.2348 -0.2474 -0.2683  0.1021  0.0095 -0.0049  0.1285 -0.0581 -0.0225 -0.0207 -0.0489  0.0459 -0.1855 -0.0551 -0.2725  0.1974  0.437   0.5017  0.1634  0.0625 dm=no
-0.1451  0.0993  0.1218  0.1186 -0.3501  0.3467 -0.1337 -0.1898  0.1984 -0.1792 -0.4725  0.19   -0.4408 -0.0228 -0.0837  0.2469  0.035  -0.0988 -0.153  -0.0247 cad=yes
-0.1882 -0.0335 -0.0844 -0.2921  0.0217  0.1868 -0.2791  0.0596 -0.1426  0.3063  0.0499 -0.393  -0.1971 -0.5959  0.1045  0.1456  0.0183  0.0329  0.0015  0.0372 appet=poor
-0.1872 -0.0709 -0.128  -0.1501  0.0581  0.2433 -0.4509  0.3598 -0.0355  0.0924 -0.0299 -0.1169 -0.0002  0.4095 -0.4277 -0.1235  0.044  -0.1357  0.1122  0.0868 pe=yes
-0.1824 -0.2678  0.0076 -0.1078  0.2906 -0.0624  0.1923 -0.1792  0.2293  0.4276 -0.1131  0.1822  0.2207 -0.0348 -0.205   0.3504  0.1629 -0.2632  0.0444 -0.2368 ane=yes

Ranked attributes:
 0.6967    1 0.303hemo+0.303pcv+0.273rc-0.263al+0.263htn=no...
 0.6218    2 0.455su+0.433bgr-0.342sc-0.301bu-0.268ane=yes...
 0.5552    3 -0.383ba=present-0.378pc=abnormal-0.337pcc=present+0.279sc-0.268dm=no...
 0.5014    4 0.475pot+0.298su-0.292appet=poor+0.291sc-0.263wc...
 0.4527    5 0.535pot+0.534sod-0.35cad=yes+0.291ane=yes-0.263sc...
 0.4098    6 0.461age+0.347cad=yes-0.332rbc=abnormal+0.266sg-0.244bp...
 0.369     7 -0.477rbc=abnormal-0.451pe=yes+0.418pcc=present+0.369wc-0.279appet=poor...
 0.3284    8 -0.585bp+0.382wc+0.36 pe=yes-0.244age+0.196sc...
 0.2928    9 -0.529wc-0.517bp-0.32ba=present-0.237sc+0.229ane=yes...
 0.2602   10 0.434sg+0.428ane=yes+0.312id+0.306appet=poor+0.296bgr...
 0.2284   11 0.492age-0.473cad=yes-0.395ba=present+0.277pcc=present+0.259pc=abnormal...
 0.1986   12 0.517rbc=abnormal+0.424wc-0.393appet=poor+0.23 id-0.214ba=present...
 0.1716   13 0.555ba=present-0.441cad=yes-0.296bp+0.249age-0.234pcc=present...
 0.1477   14 -0.596appet=poor+0.409pe=yes-0.33htn=no+0.295bp+0.266al...
 0.1271   15 0.489sg-0.428pe=yes-0.338htn=no-0.273dm=no+0.257pot...
 0.1086   16 0.579rc+0.366al-0.365id+0.35 ane=yes-0.254pc=abnormal...
 0.0911   17 -0.497bu+0.437dm=no-0.385pcc=present+0.324pc=abnormal-0.291sod...
 0.0763   18 0.502dm=no+0.364al-0.298pot+0.294sod+0.274bu...
 0.062    19 -0.458pc=abnormal+0.452su-0.31bgr-0.291rc+0.265sg...
 0.0489   20 -0.383pcv+0.353bgr+0.318id-0.298hemo+0.296htn=no...

Selected attributes: 1,2,3,4,5,6,7,8,9,10,11,12,13,14,15,16,17,18,19,20 : 20

